#pragma once

const float dct_matrix[40][40] = {
{1.58113883e-01,2.23434405e-01,2.22917493e-01,2.22056858e-01,2.20853827e-01,2.19310256e-01,2.17428524e-01,2.15211533e-01,2.12662702e-01,2.09785960e-01,2.06585744e-01,2.03066987e-01,1.99235116e-01,1.95096038e-01,1.90656137e-01,1.85922257e-01,1.80901699e-01,1.75602204e-01,1.70031943e-01,1.64199505e-01,1.58113883e-01,1.51784461e-01,1.45220998e-01,1.38433616e-01,1.31432778e-01,1.24229281e-01,1.16834231e-01,1.09259031e-01,1.01515362e-01,9.36151633e-02,8.55706169e-02,7.73941268e-02,6.90983006e-02,6.06959298e-02,5.21999703e-02,4.36235222e-02,3.49798098e-02,2.62821611e-02,1.75439872e-02,8.77876168e-03},
{1.58113883e-01,2.22056858e-01,2.17428524e-01,2.09785960e-01,1.99235116e-01,1.85922257e-01,1.70031943e-01,1.51784461e-01,1.31432778e-01,1.09259031e-01,8.55706169e-02,6.06959298e-02,3.49798098e-02,8.77876168e-03,-1.75439872e-02,-4.36235222e-02,-6.90983006e-02,-9.36151633e-02,-1.16834231e-01,-1.38433616e-01,-1.58113883e-01,-1.75602204e-01,-1.90656137e-01,-2.03066987e-01,-2.12662702e-01,-2.19310256e-01,-2.22917493e-01,-2.23434405e-01,-2.20853827e-01,-2.15211533e-01,-2.06585744e-01,-1.95096038e-01,-1.80901699e-01,-1.64199505e-01,-1.45220998e-01,-1.24229281e-01,-1.01515362e-01,-7.73941268e-02,-5.21999703e-02,-2.62821611e-02},
{1.58113883e-01,2.19310256e-01,2.06585744e-01,1.85922257e-01,1.58113883e-01,1.24229281e-01,8.55706169e-02,4.36235222e-02,1.38777878e-17,-4.36235222e-02,-8.55706169e-02,-1.24229281e-01,-1.58113883e-01,-1.85922257e-01,-2.06585744e-01,-2.19310256e-01,-2.23606798e-01,-2.19310256e-01,-2.06585744e-01,-1.85922257e-01,-1.58113883e-01,-1.24229281e-01,-8.55706169e-02,-4.36235222e-02,1.38777878e-17,4.36235222e-02,8.55706169e-02,1.24229281e-01,1.58113883e-01,1.85922257e-01,2.06585744e-01,2.19310256e-01,2.23606798e-01,2.19310256e-01,2.06585744e-01,1.85922257e-01,1.58113883e-01,1.24229281e-01,8.55706169e-02,4.36235222e-02},
{1.58113883e-01,2.15211533e-01,1.90656137e-01,1.51784461e-01,1.01515362e-01,4.36235222e-02,-1.75439872e-02,-7.73941268e-02,-1.31432778e-01,-1.75602204e-01,-2.06585744e-01,-2.22056858e-01,-2.20853827e-01,-2.03066987e-01,-1.70031943e-01,-1.24229281e-01,-6.90983006e-02,-8.77876168e-03,5.21999703e-02,1.09259031e-01,1.58113883e-01,1.95096038e-01,2.17428524e-01,2.23434405e-01,2.12662702e-01,1.85922257e-01,1.45220998e-01,9.36151633e-02,3.49798098e-02,-2.62821611e-02,-8.55706169e-02,-1.38433616e-01,-1.80901699e-01,-2.09785960e-01,-2.22917493e-01,-2.19310256e-01,-1.99235116e-01,-1.64199505e-01,-1.16834231e-01,-6.06959298e-02},
{1.58113883e-01,2.09785960e-01,1.70031943e-01,1.09259031e-01,3.49798098e-02,-4.36235222e-02,-1.16834231e-01,-1.75602204e-01,-2.12662702e-01,-2.23434405e-01,-2.06585744e-01,-1.64199505e-01,-1.01515362e-01,-2.62821611e-02,5.21999703e-02,1.24229281e-01,1.80901699e-01,2.15211533e-01,2.22917493e-01,2.03066987e-01,1.58113883e-01,9.36151633e-02,1.75439872e-02,-6.06959298e-02,-1.31432778e-01,-1.85922257e-01,-2.17428524e-01,-2.22056858e-01,-1.99235116e-01,-1.51784461e-01,-8.55706169e-02,-8.77876168e-03,6.90983006e-02,1.38433616e-01,1.90656137e-01,2.19310256e-01,2.20853827e-01,1.95096038e-01,1.45220998e-01,7.73941268e-02},
{1.58113883e-01,2.03066987e-01,1.45220998e-01,6.06959298e-02,-3.49798098e-02,-1.24229281e-01,-1.90656137e-01,-2.22056858e-01,-2.12662702e-01,-1.64199505e-01,-8.55706169e-02,8.77876168e-03,1.01515362e-01,1.75602204e-01,2.17428524e-01,2.19310256e-01,1.80901699e-01,1.09259031e-01,1.75439872e-02,-7.73941268e-02,-1.58113883e-01,-2.09785960e-01,-2.22917493e-01,-1.95096038e-01,-1.31432778e-01,-4.36235222e-02,5.21999703e-02,1.38433616e-01,1.99235116e-01,2.23434405e-01,2.06585744e-01,1.51784461e-01,6.90983006e-02,-2.62821611e-02,-1.16834231e-01,-1.85922257e-01,-2.20853827e-01,-2.15211533e-01,-1.70031943e-01,-9.36151633e-02},
{1.58113883e-01,1.95096038e-01,1.16834231e-01,8.77876168e-03,-1.01515362e-01,-1.85922257e-01,-2.22917493e-01,-2.03066987e-01,-1.31432778e-01,-2.62821611e-02,8.55706169e-02,1.75602204e-01,2.20853827e-01,2.09785960e-01,1.45220998e-01,4.36235222e-02,-6.90983006e-02,-1.64199505e-01,-2.17428524e-01,-2.15211533e-01,-1.58113883e-01,-6.06959298e-02,5.21999703e-02,1.51784461e-01,2.12662702e-01,2.19310256e-01,1.70031943e-01,7.73941268e-02,-3.49798098e-02,-1.38433616e-01,-2.06585744e-01,-2.22056858e-01,-1.80901699e-01,-9.36151633e-02,1.75439872e-02,1.24229281e-01,1.99235116e-01,2.23434405e-01,1.90656137e-01,1.09259031e-01},
{1.58113883e-01,1.85922257e-01,8.55706169e-02,-4.36235222e-02,-1.58113883e-01,-2.19310256e-01,-2.06585744e-01,-1.24229281e-01,1.38777878e-17,1.24229281e-01,2.06585744e-01,2.19310256e-01,1.58113883e-01,4.36235222e-02,-8.55706169e-02,-1.85922257e-01,-2.23606798e-01,-1.85922257e-01,-8.55706169e-02,4.36235222e-02,1.58113883e-01,2.19310256e-01,2.06585744e-01,1.24229281e-01,1.38777878e-17,-1.24229281e-01,-2.06585744e-01,-2.19310256e-01,-1.58113883e-01,-4.36235222e-02,8.55706169e-02,1.85922257e-01,2.23606798e-01,1.85922257e-01,8.55706169e-02,-4.36235222e-02,-1.58113883e-01,-2.19310256e-01,-2.06585744e-01,-1.24229281e-01},
{1.58113883e-01,1.75602204e-01,5.21999703e-02,-9.36151633e-02,-1.99235116e-01,-2.19310256e-01,-1.45220998e-01,-8.77876168e-03,1.31432778e-01,2.15211533e-01,2.06585744e-01,1.09259031e-01,-3.49798098e-02,-1.64199505e-01,-2.22917493e-01,-1.85922257e-01,-6.90983006e-02,7.73941268e-02,1.90656137e-01,2.22056858e-01,1.58113883e-01,2.62821611e-02,-1.16834231e-01,-2.09785960e-01,-2.12662702e-01,-1.24229281e-01,1.75439872e-02,1.51784461e-01,2.20853827e-01,1.95096038e-01,8.55706169e-02,-6.06959298e-02,-1.80901699e-01,-2.23434405e-01,-1.70031943e-01,-4.36235222e-02,1.01515362e-01,2.03066987e-01,2.17428524e-01,1.38433616e-01},
{1.58113883e-01,1.64199505e-01,1.75439872e-02,-1.38433616e-01,-2.20853827e-01,-1.85922257e-01,-5.21999703e-02,1.09259031e-01,2.12662702e-01,2.03066987e-01,8.55706169e-02,-7.73941268e-02,-1.99235116e-01,-2.15211533e-01,-1.16834231e-01,4.36235222e-02,1.80901699e-01,2.22056858e-01,1.45220998e-01,-8.77876168e-03,-1.58113883e-01,-2.23434405e-01,-1.70031943e-01,-2.62821611e-02,1.31432778e-01,2.19310256e-01,1.90656137e-01,6.06959298e-02,-1.01515362e-01,-2.09785960e-01,-2.06585744e-01,-9.36151633e-02,6.90983006e-02,1.95096038e-01,2.17428524e-01,1.24229281e-01,-3.49798098e-02,-1.75602204e-01,-2.22917493e-01,-1.51784461e-01},
{1.58113883e-01,1.51784461e-01,-1.75439872e-02,-1.75602204e-01,-2.20853827e-01,-1.24229281e-01,5.21999703e-02,1.95096038e-01,2.12662702e-01,9.36151633e-02,-8.55706169e-02,-2.09785960e-01,-1.99235116e-01,-6.06959298e-02,1.16834231e-01,2.19310256e-01,1.80901699e-01,2.62821611e-02,-1.45220998e-01,-2.23434405e-01,-1.58113883e-01,8.77876168e-03,1.70031943e-01,2.22056858e-01,1.31432778e-01,-4.36235222e-02,-1.90656137e-01,-2.15211533e-01,-1.01515362e-01,7.73941268e-02,2.06585744e-01,2.03066987e-01,6.90983006e-02,-1.09259031e-01,-2.17428524e-01,-1.85922257e-01,-3.49798098e-02,1.38433616e-01,2.22917493e-01,1.64199505e-01},
{1.58113883e-01,1.38433616e-01,-5.21999703e-02,-2.03066987e-01,-1.99235116e-01,-4.36235222e-02,1.45220998e-01,2.23434405e-01,1.31432778e-01,-6.06959298e-02,-2.06585744e-01,-1.95096038e-01,-3.49798098e-02,1.51784461e-01,2.22917493e-01,1.24229281e-01,-6.90983006e-02,-2.09785960e-01,-1.90656137e-01,-2.62821611e-02,1.58113883e-01,2.22056858e-01,1.16834231e-01,-7.73941268e-02,-2.12662702e-01,-1.85922257e-01,-1.75439872e-02,1.64199505e-01,2.20853827e-01,1.09259031e-01,-8.55706169e-02,-2.15211533e-01,-1.80901699e-01,-8.77876168e-03,1.70031943e-01,2.19310256e-01,1.01515362e-01,-9.36151633e-02,-2.17428524e-01,-1.75602204e-01},
{1.58113883e-01,1.24229281e-01,-8.55706169e-02,-2.19310256e-01,-1.58113883e-01,4.36235222e-02,2.06585744e-01,1.85922257e-01,1.38777878e-17,-1.85922257e-01,-2.06585744e-01,-4.36235222e-02,1.58113883e-01,2.19310256e-01,8.55706169e-02,-1.24229281e-01,-2.23606798e-01,-1.24229281e-01,8.55706169e-02,2.19310256e-01,1.58113883e-01,-4.36235222e-02,-2.06585744e-01,-1.85922257e-01,1.38777878e-17,1.85922257e-01,2.06585744e-01,4.36235222e-02,-1.58113883e-01,-2.19310256e-01,-8.55706169e-02,1.24229281e-01,2.23606798e-01,1.24229281e-01,-8.55706169e-02,-2.19310256e-01,-1.58113883e-01,4.36235222e-02,2.06585744e-01,1.85922257e-01},
{1.58113883e-01,1.09259031e-01,-1.16834231e-01,-2.23434405e-01,-1.01515362e-01,1.24229281e-01,2.22917493e-01,9.36151633e-02,-1.31432778e-01,-2.22056858e-01,-8.55706169e-02,1.38433616e-01,2.20853827e-01,7.73941268e-02,-1.45220998e-01,-2.19310256e-01,-6.90983006e-02,1.51784461e-01,2.17428524e-01,6.06959298e-02,-1.58113883e-01,-2.15211533e-01,-5.21999703e-02,1.64199505e-01,2.12662702e-01,4.36235222e-02,-1.70031943e-01,-2.09785960e-01,-3.49798098e-02,1.75602204e-01,2.06585744e-01,2.62821611e-02,-1.80901699e-01,-2.03066987e-01,-1.75439872e-02,1.85922257e-01,1.99235116e-01,8.77876168e-03,-1.90656137e-01,-1.95096038e-01},
{1.58113883e-01,9.36151633e-02,-1.45220998e-01,-2.15211533e-01,-3.49798098e-02,1.85922257e-01,1.90656137e-01,-2.62821611e-02,-2.12662702e-01,-1.51784461e-01,8.55706169e-02,2.23434405e-01,1.01515362e-01,-1.38433616e-01,-2.17428524e-01,-4.36235222e-02,1.80901699e-01,1.95096038e-01,-1.75439872e-02,-2.09785960e-01,-1.58113883e-01,7.73941268e-02,2.22917493e-01,1.09259031e-01,-1.31432778e-01,-2.19310256e-01,-5.21999703e-02,1.75602204e-01,1.99235116e-01,-8.77876168e-03,-2.06585744e-01,-1.64199505e-01,6.90983006e-02,2.22056858e-01,1.16834231e-01,-1.24229281e-01,-2.20853827e-01,-6.06959298e-02,1.70031943e-01,2.03066987e-01},
{1.58113883e-01,7.73941268e-02,-1.70031943e-01,-1.95096038e-01,3.49798098e-02,2.19310256e-01,1.16834231e-01,-1.38433616e-01,-2.12662702e-01,-8.77876168e-03,2.06585744e-01,1.51784461e-01,-1.01515362e-01,-2.22056858e-01,-5.21999703e-02,1.85922257e-01,1.80901699e-01,-6.06959298e-02,-2.22917493e-01,-9.36151633e-02,1.58113883e-01,2.03066987e-01,-1.75439872e-02,-2.15211533e-01,-1.31432778e-01,1.24229281e-01,2.17428524e-01,2.62821611e-02,-1.99235116e-01,-1.64199505e-01,8.55706169e-02,2.23434405e-01,6.90983006e-02,-1.75602204e-01,-1.90656137e-01,4.36235222e-02,2.20853827e-01,1.09259031e-01,-1.45220998e-01,-2.09785960e-01},
{1.58113883e-01,6.06959298e-02,-1.90656137e-01,-1.64199505e-01,1.01515362e-01,2.19310256e-01,1.75439872e-02,-2.09785960e-01,-1.31432778e-01,1.38433616e-01,2.06585744e-01,-2.62821611e-02,-2.20853827e-01,-9.36151633e-02,1.70031943e-01,1.85922257e-01,-6.90983006e-02,-2.23434405e-01,-5.21999703e-02,1.95096038e-01,1.58113883e-01,-1.09259031e-01,-2.17428524e-01,-8.77876168e-03,2.12662702e-01,1.24229281e-01,-1.45220998e-01,-2.03066987e-01,3.49798098e-02,2.22056858e-01,8.55706169e-02,-1.75602204e-01,-1.80901699e-01,7.73941268e-02,2.22917493e-01,4.36235222e-02,-1.99235116e-01,-1.51784461e-01,1.16834231e-01,2.15211533e-01},
{1.58113883e-01,4.36235222e-02,-2.06585744e-01,-1.24229281e-01,1.58113883e-01,1.85922257e-01,-8.55706169e-02,-2.19310256e-01,1.38777878e-17,2.19310256e-01,8.55706169e-02,-1.85922257e-01,-1.58113883e-01,1.24229281e-01,2.06585744e-01,-4.36235222e-02,-2.23606798e-01,-4.36235222e-02,2.06585744e-01,1.24229281e-01,-1.58113883e-01,-1.85922257e-01,8.55706169e-02,2.19310256e-01,1.38777878e-17,-2.19310256e-01,-8.55706169e-02,1.85922257e-01,1.58113883e-01,-1.24229281e-01,-2.06585744e-01,4.36235222e-02,2.23606798e-01,4.36235222e-02,-2.06585744e-01,-1.24229281e-01,1.58113883e-01,1.85922257e-01,-8.55706169e-02,-2.19310256e-01},
{1.58113883e-01,2.62821611e-02,-2.17428524e-01,-7.73941268e-02,1.99235116e-01,1.24229281e-01,-1.70031943e-01,-1.64199505e-01,1.31432778e-01,1.95096038e-01,-8.55706169e-02,-2.15211533e-01,3.49798098e-02,2.23434405e-01,1.75439872e-02,-2.19310256e-01,-6.90983006e-02,2.03066987e-01,1.16834231e-01,-1.75602204e-01,-1.58113883e-01,1.38433616e-01,1.90656137e-01,-9.36151633e-02,-2.12662702e-01,4.36235222e-02,2.22917493e-01,8.77876168e-03,-2.20853827e-01,-6.06959298e-02,2.06585744e-01,1.09259031e-01,-1.80901699e-01,-1.51784461e-01,1.45220998e-01,1.85922257e-01,-1.01515362e-01,-2.09785960e-01,5.21999703e-02,2.22056858e-01},
{1.58113883e-01,8.77876168e-03,-2.22917493e-01,-2.62821611e-02,2.20853827e-01,4.36235222e-02,-2.17428524e-01,-6.06959298e-02,2.12662702e-01,7.73941268e-02,-2.06585744e-01,-9.36151633e-02,1.99235116e-01,1.09259031e-01,-1.90656137e-01,-1.24229281e-01,1.80901699e-01,1.38433616e-01,-1.70031943e-01,-1.51784461e-01,1.58113883e-01,1.64199505e-01,-1.45220998e-01,-1.75602204e-01,1.31432778e-01,1.85922257e-01,-1.16834231e-01,-1.95096038e-01,1.01515362e-01,2.03066987e-01,-8.55706169e-02,-2.09785960e-01,6.90983006e-02,2.15211533e-01,-5.21999703e-02,-2.19310256e-01,3.49798098e-02,2.22056858e-01,-1.75439872e-02,-2.23434405e-01},
{1.58113883e-01,-8.77876168e-03,-2.22917493e-01,2.62821611e-02,2.20853827e-01,-4.36235222e-02,-2.17428524e-01,6.06959298e-02,2.12662702e-01,-7.73941268e-02,-2.06585744e-01,9.36151633e-02,1.99235116e-01,-1.09259031e-01,-1.90656137e-01,1.24229281e-01,1.80901699e-01,-1.38433616e-01,-1.70031943e-01,1.51784461e-01,1.58113883e-01,-1.64199505e-01,-1.45220998e-01,1.75602204e-01,1.31432778e-01,-1.85922257e-01,-1.16834231e-01,1.95096038e-01,1.01515362e-01,-2.03066987e-01,-8.55706169e-02,2.09785960e-01,6.90983006e-02,-2.15211533e-01,-5.21999703e-02,2.19310256e-01,3.49798098e-02,-2.22056858e-01,-1.75439872e-02,2.23434405e-01},
{1.58113883e-01,-2.62821611e-02,-2.17428524e-01,7.73941268e-02,1.99235116e-01,-1.24229281e-01,-1.70031943e-01,1.64199505e-01,1.31432778e-01,-1.95096038e-01,-8.55706169e-02,2.15211533e-01,3.49798098e-02,-2.23434405e-01,1.75439872e-02,2.19310256e-01,-6.90983006e-02,-2.03066987e-01,1.16834231e-01,1.75602204e-01,-1.58113883e-01,-1.38433616e-01,1.90656137e-01,9.36151633e-02,-2.12662702e-01,-4.36235222e-02,2.22917493e-01,-8.77876168e-03,-2.20853827e-01,6.06959298e-02,2.06585744e-01,-1.09259031e-01,-1.80901699e-01,1.51784461e-01,1.45220998e-01,-1.85922257e-01,-1.01515362e-01,2.09785960e-01,5.21999703e-02,-2.22056858e-01},
{1.58113883e-01,-4.36235222e-02,-2.06585744e-01,1.24229281e-01,1.58113883e-01,-1.85922257e-01,-8.55706169e-02,2.19310256e-01,1.38777878e-17,-2.19310256e-01,8.55706169e-02,1.85922257e-01,-1.58113883e-01,-1.24229281e-01,2.06585744e-01,4.36235222e-02,-2.23606798e-01,4.36235222e-02,2.06585744e-01,-1.24229281e-01,-1.58113883e-01,1.85922257e-01,8.55706169e-02,-2.19310256e-01,1.38777878e-17,2.19310256e-01,-8.55706169e-02,-1.85922257e-01,1.58113883e-01,1.24229281e-01,-2.06585744e-01,-4.36235222e-02,2.23606798e-01,-4.36235222e-02,-2.06585744e-01,1.24229281e-01,1.58113883e-01,-1.85922257e-01,-8.55706169e-02,2.19310256e-01},
{1.58113883e-01,-6.06959298e-02,-1.90656137e-01,1.64199505e-01,1.01515362e-01,-2.19310256e-01,1.75439872e-02,2.09785960e-01,-1.31432778e-01,-1.38433616e-01,2.06585744e-01,2.62821611e-02,-2.20853827e-01,9.36151633e-02,1.70031943e-01,-1.85922257e-01,-6.90983006e-02,2.23434405e-01,-5.21999703e-02,-1.95096038e-01,1.58113883e-01,1.09259031e-01,-2.17428524e-01,8.77876168e-03,2.12662702e-01,-1.24229281e-01,-1.45220998e-01,2.03066987e-01,3.49798098e-02,-2.22056858e-01,8.55706169e-02,1.75602204e-01,-1.80901699e-01,-7.73941268e-02,2.22917493e-01,-4.36235222e-02,-1.99235116e-01,1.51784461e-01,1.16834231e-01,-2.15211533e-01},
{1.58113883e-01,-7.73941268e-02,-1.70031943e-01,1.95096038e-01,3.49798098e-02,-2.19310256e-01,1.16834231e-01,1.38433616e-01,-2.12662702e-01,8.77876168e-03,2.06585744e-01,-1.51784461e-01,-1.01515362e-01,2.22056858e-01,-5.21999703e-02,-1.85922257e-01,1.80901699e-01,6.06959298e-02,-2.22917493e-01,9.36151633e-02,1.58113883e-01,-2.03066987e-01,-1.75439872e-02,2.15211533e-01,-1.31432778e-01,-1.24229281e-01,2.17428524e-01,-2.62821611e-02,-1.99235116e-01,1.64199505e-01,8.55706169e-02,-2.23434405e-01,6.90983006e-02,1.75602204e-01,-1.90656137e-01,-4.36235222e-02,2.20853827e-01,-1.09259031e-01,-1.45220998e-01,2.09785960e-01},
{1.58113883e-01,-9.36151633e-02,-1.45220998e-01,2.15211533e-01,-3.49798098e-02,-1.85922257e-01,1.90656137e-01,2.62821611e-02,-2.12662702e-01,1.51784461e-01,8.55706169e-02,-2.23434405e-01,1.01515362e-01,1.38433616e-01,-2.17428524e-01,4.36235222e-02,1.80901699e-01,-1.95096038e-01,-1.75439872e-02,2.09785960e-01,-1.58113883e-01,-7.73941268e-02,2.22917493e-01,-1.09259031e-01,-1.31432778e-01,2.19310256e-01,-5.21999703e-02,-1.75602204e-01,1.99235116e-01,8.77876168e-03,-2.06585744e-01,1.64199505e-01,6.90983006e-02,-2.22056858e-01,1.16834231e-01,1.24229281e-01,-2.20853827e-01,6.06959298e-02,1.70031943e-01,-2.03066987e-01},
{1.58113883e-01,-1.09259031e-01,-1.16834231e-01,2.23434405e-01,-1.01515362e-01,-1.24229281e-01,2.22917493e-01,-9.36151633e-02,-1.31432778e-01,2.22056858e-01,-8.55706169e-02,-1.38433616e-01,2.20853827e-01,-7.73941268e-02,-1.45220998e-01,2.19310256e-01,-6.90983006e-02,-1.51784461e-01,2.17428524e-01,-6.06959298e-02,-1.58113883e-01,2.15211533e-01,-5.21999703e-02,-1.64199505e-01,2.12662702e-01,-4.36235222e-02,-1.70031943e-01,2.09785960e-01,-3.49798098e-02,-1.75602204e-01,2.06585744e-01,-2.62821611e-02,-1.80901699e-01,2.03066987e-01,-1.75439872e-02,-1.85922257e-01,1.99235116e-01,-8.77876168e-03,-1.90656137e-01,1.95096038e-01},
{1.58113883e-01,-1.24229281e-01,-8.55706169e-02,2.19310256e-01,-1.58113883e-01,-4.36235222e-02,2.06585744e-01,-1.85922257e-01,1.38777878e-17,1.85922257e-01,-2.06585744e-01,4.36235222e-02,1.58113883e-01,-2.19310256e-01,8.55706169e-02,1.24229281e-01,-2.23606798e-01,1.24229281e-01,8.55706169e-02,-2.19310256e-01,1.58113883e-01,4.36235222e-02,-2.06585744e-01,1.85922257e-01,1.38777878e-17,-1.85922257e-01,2.06585744e-01,-4.36235222e-02,-1.58113883e-01,2.19310256e-01,-8.55706169e-02,-1.24229281e-01,2.23606798e-01,-1.24229281e-01,-8.55706169e-02,2.19310256e-01,-1.58113883e-01,-4.36235222e-02,2.06585744e-01,-1.85922257e-01},
{1.58113883e-01,-1.38433616e-01,-5.21999703e-02,2.03066987e-01,-1.99235116e-01,4.36235222e-02,1.45220998e-01,-2.23434405e-01,1.31432778e-01,6.06959298e-02,-2.06585744e-01,1.95096038e-01,-3.49798098e-02,-1.51784461e-01,2.22917493e-01,-1.24229281e-01,-6.90983006e-02,2.09785960e-01,-1.90656137e-01,2.62821611e-02,1.58113883e-01,-2.22056858e-01,1.16834231e-01,7.73941268e-02,-2.12662702e-01,1.85922257e-01,-1.75439872e-02,-1.64199505e-01,2.20853827e-01,-1.09259031e-01,-8.55706169e-02,2.15211533e-01,-1.80901699e-01,8.77876168e-03,1.70031943e-01,-2.19310256e-01,1.01515362e-01,9.36151633e-02,-2.17428524e-01,1.75602204e-01},
{1.58113883e-01,-1.51784461e-01,-1.75439872e-02,1.75602204e-01,-2.20853827e-01,1.24229281e-01,5.21999703e-02,-1.95096038e-01,2.12662702e-01,-9.36151633e-02,-8.55706169e-02,2.09785960e-01,-1.99235116e-01,6.06959298e-02,1.16834231e-01,-2.19310256e-01,1.80901699e-01,-2.62821611e-02,-1.45220998e-01,2.23434405e-01,-1.58113883e-01,-8.77876168e-03,1.70031943e-01,-2.22056858e-01,1.31432778e-01,4.36235222e-02,-1.90656137e-01,2.15211533e-01,-1.01515362e-01,-7.73941268e-02,2.06585744e-01,-2.03066987e-01,6.90983006e-02,1.09259031e-01,-2.17428524e-01,1.85922257e-01,-3.49798098e-02,-1.38433616e-01,2.22917493e-01,-1.64199505e-01},
{1.58113883e-01,-1.64199505e-01,1.75439872e-02,1.38433616e-01,-2.20853827e-01,1.85922257e-01,-5.21999703e-02,-1.09259031e-01,2.12662702e-01,-2.03066987e-01,8.55706169e-02,7.73941268e-02,-1.99235116e-01,2.15211533e-01,-1.16834231e-01,-4.36235222e-02,1.80901699e-01,-2.22056858e-01,1.45220998e-01,8.77876168e-03,-1.58113883e-01,2.23434405e-01,-1.70031943e-01,2.62821611e-02,1.31432778e-01,-2.19310256e-01,1.90656137e-01,-6.06959298e-02,-1.01515362e-01,2.09785960e-01,-2.06585744e-01,9.36151633e-02,6.90983006e-02,-1.95096038e-01,2.17428524e-01,-1.24229281e-01,-3.49798098e-02,1.75602204e-01,-2.22917493e-01,1.51784461e-01},
{1.58113883e-01,-1.75602204e-01,5.21999703e-02,9.36151633e-02,-1.99235116e-01,2.19310256e-01,-1.45220998e-01,8.77876168e-03,1.31432778e-01,-2.15211533e-01,2.06585744e-01,-1.09259031e-01,-3.49798098e-02,1.64199505e-01,-2.22917493e-01,1.85922257e-01,-6.90983006e-02,-7.73941268e-02,1.90656137e-01,-2.22056858e-01,1.58113883e-01,-2.62821611e-02,-1.16834231e-01,2.09785960e-01,-2.12662702e-01,1.24229281e-01,1.75439872e-02,-1.51784461e-01,2.20853827e-01,-1.95096038e-01,8.55706169e-02,6.06959298e-02,-1.80901699e-01,2.23434405e-01,-1.70031943e-01,4.36235222e-02,1.01515362e-01,-2.03066987e-01,2.17428524e-01,-1.38433616e-01},
{1.58113883e-01,-1.85922257e-01,8.55706169e-02,4.36235222e-02,-1.58113883e-01,2.19310256e-01,-2.06585744e-01,1.24229281e-01,1.38777878e-17,-1.24229281e-01,2.06585744e-01,-2.19310256e-01,1.58113883e-01,-4.36235222e-02,-8.55706169e-02,1.85922257e-01,-2.23606798e-01,1.85922257e-01,-8.55706169e-02,-4.36235222e-02,1.58113883e-01,-2.19310256e-01,2.06585744e-01,-1.24229281e-01,1.38777878e-17,1.24229281e-01,-2.06585744e-01,2.19310256e-01,-1.58113883e-01,4.36235222e-02,8.55706169e-02,-1.85922257e-01,2.23606798e-01,-1.85922257e-01,8.55706169e-02,4.36235222e-02,-1.58113883e-01,2.19310256e-01,-2.06585744e-01,1.24229281e-01},
{1.58113883e-01,-1.95096038e-01,1.16834231e-01,-8.77876168e-03,-1.01515362e-01,1.85922257e-01,-2.22917493e-01,2.03066987e-01,-1.31432778e-01,2.62821611e-02,8.55706169e-02,-1.75602204e-01,2.20853827e-01,-2.09785960e-01,1.45220998e-01,-4.36235222e-02,-6.90983006e-02,1.64199505e-01,-2.17428524e-01,2.15211533e-01,-1.58113883e-01,6.06959298e-02,5.21999703e-02,-1.51784461e-01,2.12662702e-01,-2.19310256e-01,1.70031943e-01,-7.73941268e-02,-3.49798098e-02,1.38433616e-01,-2.06585744e-01,2.22056858e-01,-1.80901699e-01,9.36151633e-02,1.75439872e-02,-1.24229281e-01,1.99235116e-01,-2.23434405e-01,1.90656137e-01,-1.09259031e-01},
{1.58113883e-01,-2.03066987e-01,1.45220998e-01,-6.06959298e-02,-3.49798098e-02,1.24229281e-01,-1.90656137e-01,2.22056858e-01,-2.12662702e-01,1.64199505e-01,-8.55706169e-02,-8.77876168e-03,1.01515362e-01,-1.75602204e-01,2.17428524e-01,-2.19310256e-01,1.80901699e-01,-1.09259031e-01,1.75439872e-02,7.73941268e-02,-1.58113883e-01,2.09785960e-01,-2.22917493e-01,1.95096038e-01,-1.31432778e-01,4.36235222e-02,5.21999703e-02,-1.38433616e-01,1.99235116e-01,-2.23434405e-01,2.06585744e-01,-1.51784461e-01,6.90983006e-02,2.62821611e-02,-1.16834231e-01,1.85922257e-01,-2.20853827e-01,2.15211533e-01,-1.70031943e-01,9.36151633e-02},
{1.58113883e-01,-2.09785960e-01,1.70031943e-01,-1.09259031e-01,3.49798098e-02,4.36235222e-02,-1.16834231e-01,1.75602204e-01,-2.12662702e-01,2.23434405e-01,-2.06585744e-01,1.64199505e-01,-1.01515362e-01,2.62821611e-02,5.21999703e-02,-1.24229281e-01,1.80901699e-01,-2.15211533e-01,2.22917493e-01,-2.03066987e-01,1.58113883e-01,-9.36151633e-02,1.75439872e-02,6.06959298e-02,-1.31432778e-01,1.85922257e-01,-2.17428524e-01,2.22056858e-01,-1.99235116e-01,1.51784461e-01,-8.55706169e-02,8.77876168e-03,6.90983006e-02,-1.38433616e-01,1.90656137e-01,-2.19310256e-01,2.20853827e-01,-1.95096038e-01,1.45220998e-01,-7.73941268e-02},
{1.58113883e-01,-2.15211533e-01,1.90656137e-01,-1.51784461e-01,1.01515362e-01,-4.36235222e-02,-1.75439872e-02,7.73941268e-02,-1.31432778e-01,1.75602204e-01,-2.06585744e-01,2.22056858e-01,-2.20853827e-01,2.03066987e-01,-1.70031943e-01,1.24229281e-01,-6.90983006e-02,8.77876168e-03,5.21999703e-02,-1.09259031e-01,1.58113883e-01,-1.95096038e-01,2.17428524e-01,-2.23434405e-01,2.12662702e-01,-1.85922257e-01,1.45220998e-01,-9.36151633e-02,3.49798098e-02,2.62821611e-02,-8.55706169e-02,1.38433616e-01,-1.80901699e-01,2.09785960e-01,-2.22917493e-01,2.19310256e-01,-1.99235116e-01,1.64199505e-01,-1.16834231e-01,6.06959298e-02},
{1.58113883e-01,-2.19310256e-01,2.06585744e-01,-1.85922257e-01,1.58113883e-01,-1.24229281e-01,8.55706169e-02,-4.36235222e-02,1.38777878e-17,4.36235222e-02,-8.55706169e-02,1.24229281e-01,-1.58113883e-01,1.85922257e-01,-2.06585744e-01,2.19310256e-01,-2.23606798e-01,2.19310256e-01,-2.06585744e-01,1.85922257e-01,-1.58113883e-01,1.24229281e-01,-8.55706169e-02,4.36235222e-02,1.38777878e-17,-4.36235222e-02,8.55706169e-02,-1.24229281e-01,1.58113883e-01,-1.85922257e-01,2.06585744e-01,-2.19310256e-01,2.23606798e-01,-2.19310256e-01,2.06585744e-01,-1.85922257e-01,1.58113883e-01,-1.24229281e-01,8.55706169e-02,-4.36235222e-02},
{1.58113883e-01,-2.22056858e-01,2.17428524e-01,-2.09785960e-01,1.99235116e-01,-1.85922257e-01,1.70031943e-01,-1.51784461e-01,1.31432778e-01,-1.09259031e-01,8.55706169e-02,-6.06959298e-02,3.49798098e-02,-8.77876168e-03,-1.75439872e-02,4.36235222e-02,-6.90983006e-02,9.36151633e-02,-1.16834231e-01,1.38433616e-01,-1.58113883e-01,1.75602204e-01,-1.90656137e-01,2.03066987e-01,-2.12662702e-01,2.19310256e-01,-2.22917493e-01,2.23434405e-01,-2.20853827e-01,2.15211533e-01,-2.06585744e-01,1.95096038e-01,-1.80901699e-01,1.64199505e-01,-1.45220998e-01,1.24229281e-01,-1.01515362e-01,7.73941268e-02,-5.21999703e-02,2.62821611e-02},
{1.58113883e-01,-2.23434405e-01,2.22917493e-01,-2.22056858e-01,2.20853827e-01,-2.19310256e-01,2.17428524e-01,-2.15211533e-01,2.12662702e-01,-2.09785960e-01,2.06585744e-01,-2.03066987e-01,1.99235116e-01,-1.95096038e-01,1.90656137e-01,-1.85922257e-01,1.80901699e-01,-1.75602204e-01,1.70031943e-01,-1.64199505e-01,1.58113883e-01,-1.51784461e-01,1.45220998e-01,-1.38433616e-01,1.31432778e-01,-1.24229281e-01,1.16834231e-01,-1.09259031e-01,1.01515362e-01,-9.36151633e-02,8.55706169e-02,-7.73941268e-02,6.90983006e-02,-6.06959298e-02,5.21999703e-02,-4.36235222e-02,3.49798098e-02,-2.62821611e-02,1.75439872e-02,-8.77876168e-03},
};
